6.123233995736766e-17
2.9396505442536505e-16
1.2982891199238037e-15
5.730702384461453e-15
1.1852403575719821e-14
1.2133609970929601e-14
1.2286952339823063e-14
1.2495127741009641e-14
1.2691733216189718e-14
1.3101736084044303e-14
1.3397365308698885e-14
1.3957931934301806e-14
1.4481528926467297e-14
1.5310956846935783e-14
1.6469560610270753e-14
1.811521272540556e-14
2.0316901921376317e-14
2.316447150365026e-14
2.6978713797628495e-14
3.221504236580485e-14
3.8967537132548037e-14
4.806878389386251e-14

